# Histogrammed data for fix 14
# TimeStep Number-of-bins Total-counts Missing-counts Min-value Max-value
# Bin Coord Count Count/Total
0 1180 9.90699e+08 0 1.25544 59.9865
1 1.025 0 0
2 1.075 0 0
3 1.125 0 0
4 1.175 0 0
5 1.225 0 0
6 1.275 5.10946e+08 0.515743
7 1.325 0 0
8 1.375 0 0
9 1.425 0 0
10 1.475 0 0
11 1.525 0 0
12 1.575 0 0
13 1.625 0 0
14 1.675 0 0
15 1.725 0 0
16 1.775 2.91914e+08 0.294655
17 1.825 0 0
18 1.875 0 0
19 1.925 0 0
20 1.975 0 0
21 2.025 0 0
22 2.075 0 0
23 2.125 0 0
24 2.175 7.65866e+07 0.0773057
25 2.225 0 0
26 2.275 0 0
27 2.325 0 0
28 2.375 0 0
29 2.425 0 0
30 2.475 0 0
31 2.525 2.02465e+07 0.0204366
32 2.575 0 0
33 2.625 0 0
34 2.675 0 0
35 2.725 0 0
36 2.775 0 0
37 2.825 3.72149e+07 0.0375643
38 2.875 0 0
39 2.925 0 0
40 2.975 0 0
41 3.025 0 0
42 3.075 2.06693e+07 0.0208634
43 3.125 0 0
44 3.175 0 0
45 3.225 0 0
46 3.275 0 0
47 3.325 0 0
48 3.375 0 0
49 3.425 0 0
50 3.475 0 0
51 3.525 0 0
52 3.575 1.82051e+06 0.0018376
53 3.625 0 0
54 3.675 0 0
55 3.725 0 0
56 3.775 4.37849e+06 0.0044196
57 3.825 0 0
58 3.875 0 0
59 3.925 0 0
60 3.975 2.10706e+06 0.00212684
61 4.025 0 0
62 4.075 0 0
63 4.125 0 0
64 4.175 1.34626e+06 0.0013589
65 4.225 0 0
66 4.275 0 0
67 4.325 345748 0.000348994
68 4.375 0 0
69 4.425 0 0
70 4.475 0 0
71 4.525 736667 0.000743584
72 4.575 0 0
73 4.625 0 0
74 4.675 1.14965e+06 0.00116044
75 4.725 0 0
76 4.775 0 0
77 4.825 0 0
78 4.875 0 0
79 4.925 0 0
80 4.975 0 0
81 5.025 171830 0.000173443
82 5.075 0 0
83 5.125 0 0
84 5.175 1.00313e+06 0.00101255
85 5.225 0 0
86 5.275 0 0
87 5.325 913781 0.00092236
88 5.375 0 0
89 5.425 0 0
90 5.475 454589 0.000458857
91 5.525 0 0
92 5.575 0 0
93 5.625 542852 0.000547949
94 5.675 0 0
95 5.725 0 0
96 5.775 875678 0.000883899
97 5.825 0 0
98 5.875 253248 0.000255625
99 5.925 0 0
100 5.975 0 0
101 6.025 0 0
102 6.075 0 0
103 6.125 0 0
104 6.175 322556 0.000325585
105 6.225 0 0
106 6.275 299619 0.000302432
107 6.325 0 0
108 6.375 0 0
109 6.425 671159 0.000677461
110 6.475 0 0
111 6.525 275519 0.000278105
112 6.575 0 0
113 6.625 0 0
114 6.675 0 0
115 6.725 0 0
116 6.775 570921 0.000576281
117 6.825 0 0
118 6.875 388722 0.000392371
119 6.925 0 0
120 6.975 0 0
121 7.025 0 0
122 7.075 0 0
123 7.125 35941.2 3.62787e-05
124 7.175 0 0
125 7.225 261562 0.000264018
126 7.275 0 0
127 7.325 214841 0.000216858
128 7.375 0 0
129 7.425 205985 0.000207919
130 7.475 0 0
131 7.525 84643.4 8.54381e-05
132 7.575 0 0
133 7.625 78425.5 7.91618e-05
134 7.675 0 0
135 7.725 329345 0.000332437
136 7.775 0 0
137 7.825 0 0
138 7.875 0 0
139 7.925 79258.9 8.0003e-05
140 7.975 0 0
141 8.025 327499 0.000330574
142 8.075 0 0
143 8.125 101185 0.000102135
144 8.175 0 0
145 8.225 70570.4 7.12329e-05
146 8.275 0 0
147 8.325 110365 0.000111401
148 8.375 0 0
149 8.425 164573 0.000166119
150 8.475 0 0
151 8.525 121012 0.000122148
152 8.575 0 0
153 8.625 0 0
154 8.675 0 0
155 8.725 24365.9 2.45946e-05
156 8.775 121097 0.000122233
157 8.825 0 0
158 8.875 160912 0.000162423
159 8.925 0 0
160 8.975 108476 0.000109495
161 9.025 0 0
162 9.075 36879 3.72252e-05
163 9.125 117215 0.000118316
164 9.175 0 0
165 9.225 174762 0.000176403
166 9.275 0 0
167 9.325 0 0
168 9.375 0 0
169 9.425 71070.8 7.17381e-05
170 9.475 68887.1 6.95339e-05
171 9.525 0 0
172 9.575 25953.7 2.61973e-05
173 9.625 0 0
174 9.675 90477.9 9.13273e-05
175 9.725 0 0
176 9.775 0 0
177 9.825 84267.4 8.50585e-05
178 9.875 124177 0.000125343
179 9.925 0 0
180 9.975 0 0
181 10.025 0 0
182 10.075 11050 1.11537e-05
183 10.125 145229 0.000146592
184 10.175 0 0
185 10.225 89581.9 9.0423e-05
186 10.275 28130.9 2.8395e-05
187 10.325 0 0
188 10.375 45477.5 4.59045e-05
189 10.425 88969.3 8.98046e-05
190 10.475 0 0
191 10.525 54887.8 5.54031e-05
192 10.575 0 0
193 10.625 0 0
194 10.675 32182 3.24841e-05
195 10.725 43719 4.41295e-05
196 10.775 0 0
197 10.825 118001 0.000119108
198 10.875 46312 4.67468e-05
199 10.925 0 0
200 10.975 27280 2.75361e-05
201 11.025 74241 7.4938e-05
202 11.075 0 0
203 11.125 45010 4.54326e-05
204 11.175 0 0
205 11.225 10934.4 1.1037e-05
206 11.275 0 0
207 11.325 73216.4 7.39038e-05
208 11.375 52689.2 5.31838e-05
209 11.425 0 0
210 11.475 71430.6 7.21012e-05
211 11.525 30760.5 3.10493e-05
212 11.575 36367 3.67084e-05
213 11.625 0 0
214 11.675 89655.9 9.04977e-05
215 11.725 0 0
216 11.775 11911.2 1.2023e-05
217 11.825 0 0
218 11.875 94744.5 9.5634e-05
219 11.925 71467 7.21379e-05
220 11.975 30789 3.10781e-05
221 12.025 0 0
222 12.075 0 0
223 12.125 28628.8 2.88976e-05
224 12.175 57370.3 5.7909e-05
225 12.225 0 0
226 12.275 0 0
227 12.325 11954.6 1.20668e-05
228 12.375 31409.7 3.17046e-05
229 12.425 0 0
230 12.475 51587.2 5.20716e-05
231 12.525 35447.4 3.57802e-05
232 12.575 21346.8 2.15473e-05
233 12.625 94547.8 9.54355e-05
234 12.675 0 0
235 12.725 30861 3.11507e-05
236 12.775 0 0
237 12.825 48798.1 4.92563e-05
238 12.875 50540.1 5.10146e-05
239 12.925 0 0
240 12.975 31227.6 3.15208e-05
241 13.025 36818.2 3.71639e-05
242 13.075 20501.4 2.06939e-05
243 13.125 33462.3 3.37765e-05
244 13.175 71283 7.19522e-05
245 13.225 0 0
246 13.275 0 0
247 13.325 0 0
248 13.375 41870.9 4.22641e-05
249 13.425 42617.5 4.30176e-05
250 13.475 16595.1 1.67509e-05
251 13.525 0 0
252 13.575 28029 2.82922e-05
253 13.625 61920.8 6.25022e-05
254 13.675 35756.4 3.60921e-05
255 13.725 0 0
256 13.775 18677.3 1.88527e-05
257 13.825 39360.5 3.97301e-05
258 13.875 0 0
259 13.925 50301.3 5.07736e-05
260 13.975 21232.8 2.14322e-05
261 14.025 0 0
262 14.075 65505.1 6.61201e-05
263 14.125 57848.4 5.83915e-05
264 14.175 0 0
265 14.225 4933.36 4.97967e-06
266 14.275 50531.8 5.10062e-05
267 14.325 0 0
268 14.375 28199.8 2.84646e-05
269 14.425 57805.2 5.83479e-05
270 14.475 18872.1 1.90493e-05
271 14.525 15344.7 1.54888e-05
272 14.575 67286.5 6.79182e-05
273 14.625 0 0
274 14.675 22079.8 2.22871e-05
275 14.725 39357.7 3.97272e-05
276 14.775 46188.8 4.66225e-05
277 14.825 20555.1 2.07481e-05
278 14.875 15761.1 1.5909e-05
279 14.925 42176.5 4.25725e-05
280 14.975 0 0
281 15.025 18525.3 1.86992e-05
282 15.075 0 0
283 15.125 9557.35 9.64708e-06
284 15.175 46108.2 4.65411e-05
285 15.225 87038.5 8.78557e-05
286 15.275 26593.5 2.68432e-05
287 15.325 15423.6 1.55684e-05
288 15.375 82814.3 8.35918e-05
289 15.425 53209.6 5.37092e-05
290 15.475 0 0
291 15.525 35683.2 3.60182e-05
292 15.575 65192.8 6.58049e-05
293 15.625 42358.3 4.2756e-05
294 15.675 44986.6 4.5409e-05
295 15.725 0 0
296 15.775 34425.2 3.47484e-05
297 15.825 37008.4 3.73559e-05
298 15.875 0 0
299 15.925 13071.4 1.31941e-05
300 15.975 78640.9 7.93792e-05
301 16.025 44651.1 4.50703e-05
302 16.075 11999.9 1.21126e-05
303 16.125 46775.5 4.72147e-05
304 16.175 46343.4 4.67785e-05
305 16.225 55954 5.64793e-05
306 16.275 0 0
307 16.325 16542.3 1.66976e-05
308 16.375 27985.6 2.82483e-05
309 16.425 55821.6 5.63457e-05
310 16.475 44253.1 4.46686e-05
311 16.525 10450.1 1.05482e-05
312 16.575 62685.6 6.32742e-05
313 16.625 55440.5 5.5961e-05
314 16.675 0 0
315 16.725 8483.92 8.56358e-06
316 16.775 15654.6 1.58016e-05
317 16.825 36801.4 3.71469e-05
318 16.875 53543.9 5.40466e-05
319 16.925 24060.3 2.42862e-05
320 16.975 103072 0.00010404
321 17.025 0 0
322 17.075 15653.6 1.58006e-05
323 17.125 72760.8 7.3444e-05
324 17.175 57048.1 5.75837e-05
325 17.225 17126 1.72868e-05
326 17.275 0 0
327 17.325 62589.9 6.31775e-05
328 17.375 10938.2 1.10409e-05
329 17.425 0 0
330 17.475 1351.43 1.36412e-06
331 17.525 17086.3 1.72468e-05
332 17.575 73433.8 7.41232e-05
333 17.625 46454.4 4.68905e-05
334 17.675 32866.5 3.31751e-05
335 17.725 34099.8 3.44199e-05
336 17.775 0 0
337 17.825 19817.2 2.00033e-05
338 17.875 42472.7 4.28714e-05
339 17.925 24382 2.46109e-05
340 17.975 25525.9 2.57656e-05
341 18.025 44232.3 4.46476e-05
342 18.075 56640.6 5.71724e-05
343 18.125 0 0
344 18.175 7406.82 7.47636e-06
345 18.225 65642.5 6.62588e-05
346 18.275 28065.9 2.83294e-05
347 18.325 15194.1 1.53367e-05
348 18.375 16940.2 1.70992e-05
349 18.425 47571.1 4.80177e-05
350 18.475 0 0
351 18.525 28833 2.91038e-05
352 18.575 21647 2.18502e-05
353 18.625 26154.2 2.63997e-05
354 18.675 27457.4 2.77152e-05
355 18.725 49480.9 4.99455e-05
356 18.775 30961.2 3.12519e-05
357 18.825 0 0
358 18.875 10890.5 1.09928e-05
359 18.925 35850.5 3.61871e-05
360 18.975 16339.5 1.64929e-05
361 19.025 33405.3 3.37189e-05
362 19.075 22110.2 2.23178e-05
363 19.125 61443.2 6.20201e-05
364 19.175 0 0
365 19.225 3320.47 3.35165e-06
366 19.275 70383.1 7.10439e-05
367 19.325 9405.9 9.49421e-06
368 19.375 14936.8 1.5077e-05
369 19.425 30523.5 3.08101e-05
370 19.475 19608.6 1.97927e-05
371 19.525 0 0
372 19.575 29883.5 3.01641e-05
373 19.625 20696.1 2.08904e-05
374 19.675 19213.9 1.93943e-05
375 19.725 38602.1 3.89645e-05
376 19.775 25343.6 2.55815e-05
377 19.825 0 0
378 19.875 18203.3 1.83742e-05
379 19.925 22512.5 2.27238e-05
380 19.975 50478.6 5.09525e-05
381 20.025 0 0
382 20.075 7108.91 7.17565e-06
383 20.125 31663.1 3.19604e-05
384 20.175 281.475 2.84118e-07
385 20.225 28321.7 2.85876e-05
386 20.275 14454.2 1.45899e-05
387 20.325 26832.9 2.70848e-05
388 20.375 29434.7 2.9711e-05
389 20.425 7918.78 7.99313e-06
390 20.475 0 0
391 20.525 25178.4 2.54148e-05
392 20.575 28121.2 2.83853e-05
393 20.625 5881.03 5.93625e-06
394 20.675 4096.91 4.13538e-06
395 20.725 57914.7 5.84585e-05
396 20.775 0 0
397 20.825 4685 4.72899e-06
398 20.875 27612.5 2.78718e-05
399 20.925 14680.9 1.48187e-05
400 20.975 10237.1 1.03333e-05
401 21.025 9649.07 9.73966e-06
402 21.075 18513.6 1.86874e-05
403 21.125 4426.89 4.46845e-06
404 21.175 28251.5 2.85167e-05
405 21.225 16961.3 1.71205e-05
406 21.275 0 0
407 21.325 21742.6 2.19467e-05
408 21.375 16233.7 1.63861e-05
409 21.425 3976.73 4.01407e-06
410 21.475 9496.72 9.58589e-06
411 21.525 32717.7 3.30249e-05
412 21.575 5292.86 5.34255e-06
413 21.625 19318.2 1.94995e-05
414 21.675 15500.4 1.56459e-05
415 21.725 12089.2 1.22027e-05
416 21.775 19117 1.92965e-05
417 21.825 21415.9 2.1617e-05
418 21.875 5784.1 5.8384e-06
419 21.925 7610.49 7.68194e-06
420 21.975 13423.5 1.35496e-05
421 22.025 1190.11 1.20128e-06
422 22.075 34349 3.46715e-05
423 22.125 6295.9 6.35501e-06
424 22.175 7413.12 7.48272e-06
425 22.225 20270.9 2.04613e-05
426 22.275 0 0
427 22.325 3530.56 3.56371e-06
428 22.375 34576.6 3.49012e-05
429 22.425 9776.87 9.86866e-06
430 22.475 10694.1 1.07945e-05
431 22.525 10206.1 1.03019e-05
432 22.575 0 0
433 22.625 20125.1 2.0314e-05
434 22.675 5068.41 5.11599e-06
435 22.725 14613.8 1.4751e-05
436 22.775 12840.2 1.29608e-05
437 22.825 17287.6 1.74499e-05
438 22.875 4373.13 4.41419e-06
439 22.925 18761.5 1.89376e-05
440 22.975 13237.9 1.33622e-05
441 23.025 4633.05 4.67654e-06
442 23.075 14603.9 1.47411e-05
443 23.125 1105 1.11538e-06
444 23.175 3881.5 3.91794e-06
445 23.225 16621.8 1.67779e-05
446 23.275 10841.8 1.09436e-05
447 23.325 23840.9 2.40648e-05
448 23.375 14794.4 1.49333e-05
449 23.425 7166.7 7.23399e-06
450 23.475 7379.49 7.44878e-06
451 23.525 8172.94 8.24967e-06
452 23.575 6001.43 6.05778e-06
453 23.625 10673.3 1.07735e-05
454 23.675 13350.1 1.34755e-05
455 23.725 2235.08 2.25607e-06
456 23.775 24808.8 2.50417e-05
457 23.825 5447.43 5.49857e-06
458 23.875 15604.2 1.57507e-05
459 23.925 5601.2 5.65379e-06
460 23.975 6726.85 6.79e-06
461 24.025 7503.86 7.57431e-06
462 24.075 17251 1.74129e-05
463 24.125 3306.3 3.33734e-06
464 24.175 23995.3 2.42206e-05
465 24.225 0 0
466 24.275 15592.8 1.57392e-05
467 24.325 7011.16 7.07699e-06
468 24.375 13433.9 1.356e-05
469 24.425 6311.74 6.371e-06
470 24.475 19773.3 1.99589e-05
471 24.525 4570.54 4.61345e-06
472 24.575 21546.1 2.17484e-05
473 24.625 3612.3 3.64621e-06
474 24.675 13216.9 1.3341e-05
475 24.725 5076.71 5.12437e-06
476 24.775 835.889 8.43737e-07
477 24.825 4631.59 4.67508e-06
478 24.875 18023.3 1.81925e-05
479 24.925 3496.4 3.52923e-06
480 24.975 24284.8 2.45128e-05
481 25.025 0 0
482 25.075 13776.7 1.39061e-05
483 25.125 5749.33 5.80331e-06
484 25.175 12734.1 1.28537e-05
485 25.225 14536.4 1.46729e-05
486 25.275 0 0
487 25.325 12634.3 1.27529e-05
488 25.375 10226.3 1.03223e-05
489 25.425 9828.38 9.92066e-06
490 25.475 11526 1.16342e-05
491 25.525 9436.2 9.5248e-06
492 25.575 3247.36 3.27785e-06
493 25.625 16816.6 1.69745e-05
494 25.675 6670.07 6.73269e-06
495 25.725 10466.4 1.05647e-05
496 25.775 10715.5 1.08162e-05
497 25.825 2506.19 2.52972e-06
498 25.875 7751.27 7.82404e-06
499 25.925 11980.4 1.20929e-05
500 25.975 5430.39 5.48137e-06
501 26.025 4517.68 4.56009e-06
502 26.075 2942.85 2.97048e-06
503 26.125 25348 2.5586e-05
504 26.175 2002.5 2.0213e-06
505 26.225 10865.1 1.09671e-05
506 26.275 6397.69 6.45776e-06
507 26.325 1388.28 1.40132e-06
508 26.375 13828.3 1.39581e-05
509 26.425 6748.28 6.81164e-06
510 26.475 8503.96 8.5838e-06
511 26.525 3143.27 3.17278e-06
512 26.575 5855.8 5.91078e-06
513 26.625 13759.1 1.38883e-05
514 26.675 4189.52 4.22886e-06
515 26.725 3272.46 3.30318e-06
516 26.775 14039 1.41708e-05
517 26.825 9148.26 9.23415e-06
518 26.875 8702.94 8.78465e-06
519 26.925 8391.53 8.47032e-06
520 26.975 10319.5 1.04163e-05
521 27.025 0 0
522 27.075 5599.44 5.65201e-06
523 27.125 14689.6 1.48275e-05
524 27.175 2711.81 2.73728e-06
525 27.225 15124.8 1.52669e-05
526 27.275 0 0
527 27.325 7340.25 7.40916e-06
528 27.375 9856.41 9.94895e-06
529 27.425 9972.34 1.0066e-05
530 27.475 8814.51 8.89726e-06
531 27.525 2153.56 2.17378e-06
532 27.575 11327.4 1.14337e-05
533 27.625 3858.96 3.89519e-06
534 27.675 7495.95 7.56633e-06
535 27.725 3387.63 3.41943e-06
536 27.775 1450.59 1.46421e-06
537 27.825 16907.1 1.70659e-05
538 27.875 5275.38 5.32491e-06
539 27.925 7177.58 7.24497e-06
540 27.975 9666.43 9.75718e-06
541 28.025 10183.2 1.02788e-05
542 28.075 11996.7 1.21093e-05
543 28.125 1186.03 1.19716e-06
544 28.175 16580 1.67357e-05
545 28.225 0 0
546 28.275 8912.36 8.99604e-06
547 28.325 6282.51 6.34149e-06
548 28.375 10893.8 1.0996e-05
549 28.425 4546.04 4.58872e-06
550 28.475 4810.24 4.85541e-06
551 28.525 12611.8 1.27302e-05
552 28.575 3099 3.12809e-06
553 28.625 17620.4 1.77858e-05
554 28.675 0 0
555 28.725 6520.01 6.58122e-06
556 28.775 11570.7 1.16794e-05
557 28.825 9085.77 9.17107e-06
558 28.875 5826.67 5.88137e-06
559 28.925 1413.24 1.4265e-06
560 28.975 15064 1.52054e-05
561 29.025 7464.83 7.53492e-06
562 29.075 7227.33 7.29519e-06
563 29.125 4397.26 4.43854e-06
564 29.175 5656.5 5.70961e-06
565 29.225 15936.6 1.60863e-05
566 29.275 2036.33 2.05545e-06
567 29.325 10153.5 1.02488e-05
568 29.375 4291.18 4.33147e-06
569 29.425 7433.93 7.50372e-06
570 29.475 6028.62 6.08522e-06
571 29.525 3039.42 3.06796e-06
572 29.575 8907.27 8.9909e-06
573 29.625 10564.7 1.06639e-05
574 29.675 9789.45 9.88136e-06
575 29.725 13181.7 1.33055e-05
576 29.775 4827.32 4.87264e-06
577 29.825 3236.17 3.26656e-06
578 29.875 9211.52 9.298e-06
579 29.925 4578.64 4.62162e-06
580 29.975 13908.7 1.40393e-05
581 30.025 0 0
582 30.075 6176.54 6.23453e-06
583 30.125 8296.15 8.37404e-06
584 30.175 6796.81 6.86062e-06
585 30.225 8966.24 9.05042e-06
586 30.275 11635.6 1.17449e-05
587 30.325 4589.46 4.63254e-06
588 30.375 3668.19 3.70263e-06
589 30.425 10951 1.10539e-05
590 30.475 750.377 7.57422e-07
591 30.525 7209.35 7.27703e-06
592 30.575 6647.57 6.70998e-06
593 30.625 9290.56 9.37779e-06
594 30.675 5380.8 5.43132e-06
595 30.725 11720.1 1.18301e-05
596 30.775 9689.26 9.78023e-06
597 30.825 5346.5 5.39669e-06
598 30.875 5471.91 5.52328e-06
599 30.925 7335.74 7.40462e-06
600 30.975 12417.1 1.25337e-05
601 31.025 4047.25 4.08525e-06
602 31.075 6243.57 6.30219e-06
603 31.125 2423.83 2.44658e-06
604 31.175 14288 1.44222e-05
605 31.225 3316.46 3.34759e-06
606 31.275 11213.8 1.13191e-05
607 31.325 2023.42 2.04242e-06
608 31.375 7822.06 7.8955e-06
609 31.425 5302.22 5.352e-06
610 31.475 5800.43 5.85489e-06
611 31.525 11057.9 1.11618e-05
612 31.575 5828.73 5.88345e-06
613 31.625 7520.94 7.59155e-06
614 31.675 11032.4 1.1136e-05
615 31.725 3449.19 3.48158e-06
616 31.775 3851.67 3.88783e-06
617 31.825 13618.4 1.37462e-05
618 31.875 13495.7 1.36224e-05
619 31.925 5573.09 5.62542e-06
620 31.975 2582.51 2.60676e-06
621 32.025 10087.5 1.01822e-05
622 32.075 6425.82 6.48615e-06
623 32.125 10443.8 1.05419e-05
624 32.175 629.2 6.35108e-07
625 32.225 11584.4 1.16932e-05
626 32.275 6531.8 6.59312e-06
627 32.325 9261.2 9.34815e-06
628 32.375 2516.48 2.54011e-06
629 32.425 15326.1 1.547e-05
630 32.475 5314.07 5.36396e-06
631 32.525 12284.8 1.24002e-05
632 32.575 2049.82 2.06907e-06
633 32.625 7346.46 7.41543e-06
634 32.675 8923.23 9.00701e-06
635 32.725 11002.7 1.1106e-05
636 32.775 2270.33 2.29165e-06
637 32.825 16959.3 1.71185e-05
638 32.875 2061.54 2.0809e-06
639 32.925 5515.22 5.56701e-06
640 32.975 1274.63 1.2866e-06
641 33.025 11807.3 1.19181e-05
642 33.075 7969.32 8.04414e-06
643 33.125 14371 1.45059e-05
644 33.175 1336.45 1.34899e-06
645 33.225 8889.05 8.97251e-06
646 33.275 5359.36 5.40968e-06
647 33.325 6356.17 6.41585e-06
648 33.375 9311.26 9.39868e-06
649 33.425 12402.8 1.25193e-05
650 33.475 7566.94 7.63799e-06
651 33.525 11973.3 1.20857e-05
652 33.575 5614.56 5.66727e-06
653 33.625 10431.8 1.05297e-05
654 33.675 5652.03 5.7051e-06
655 33.725 13584 1.37116e-05
656 33.775 474.186 4.78638e-07
657 33.825 13312.5 1.34374e-05
658 33.875 4116.58 4.15523e-06
659 33.925 11967.1 1.20794e-05
660 33.975 1434.07 1.44753e-06
661 34.025 12132 1.22459e-05
662 34.075 5004.76 5.05175e-06
663 34.125 8194.58 8.27152e-06
664 34.175 2022.43 2.04142e-06
665 34.225 10192.8 1.02885e-05
666 34.275 4958.51 5.00507e-06
667 34.325 14683.7 1.48215e-05
668 34.375 3662.66 3.69704e-06
669 34.425 10338.5 1.04356e-05
670 34.475 6537.37 6.59875e-06
671 34.525 17260.3 1.74224e-05
672 34.575 847.202 8.55156e-07
673 34.625 12424.1 1.25408e-05
674 34.675 8117.66 8.19387e-06
675 34.725 9336.36 9.42402e-06
676 34.775 7812.78 7.88613e-06
677 34.825 11531.4 1.16396e-05
678 34.875 9790.77 9.8827e-06
679 34.925 5410.02 5.46082e-06
680 34.975 3517.95 3.55098e-06
681 35.025 10491.1 1.05896e-05
682 35.075 7091 7.15758e-06
683 35.125 5503.24 5.55491e-06
684 35.175 11398.2 1.15052e-05
685 35.225 5533.19 5.58514e-06
686 35.275 6001.96 6.05831e-06
687 35.325 6472.64 6.53341e-06
688 35.375 14548.2 1.46848e-05
689 35.425 3904.61 3.94127e-06
690 35.475 15252.5 1.53957e-05
691 35.525 5324.64 5.37464e-06
692 35.575 8299.67 8.37759e-06
693 35.625 8581.03 8.6616e-06
694 35.675 11462.5 1.15701e-05
695 35.725 1079.63 1.08977e-06
696 35.775 11124.3 1.12287e-05
697 35.825 11198.4 1.13036e-05
698 35.875 4792.68 4.83768e-06
699 35.925 5145.18 5.19349e-06
700 35.975 13514.3 1.36412e-05
701 36.025 8566.24 8.64667e-06
702 36.075 4006.11 4.04372e-06
703 36.125 13804.8 1.39344e-05
704 36.175 7580.19 7.65136e-06
705 36.225 11189.8 1.12949e-05
706 36.275 1551.27 1.56583e-06
707 36.325 16865.3 1.70236e-05
708 36.375 6570.21 6.63189e-06
709 36.425 6851.86 6.91619e-06
710 36.475 3726.13 3.76111e-06
711 36.525 12413.9 1.25304e-05
712 36.575 9804.15 9.8962e-06
713 36.625 5396.97 5.44764e-06
714 36.675 11834.2 1.19454e-05
715 36.725 5784.3 5.83861e-06
716 36.775 10683.9 1.07842e-05
717 36.825 646.035 6.52101e-07
718 36.875 10721 1.08217e-05
719 36.925 7943.93 8.01851e-06
720 36.975 7570.1 7.64118e-06
721 37.025 6641.36 6.70371e-06
722 37.075 9384.14 9.47224e-06
723 37.125 7905.79 7.98001e-06
724 37.175 9961.57 1.00551e-05
725 37.225 8644.99 8.72615e-06
726 37.275 11284.5 1.13905e-05
727 37.325 13747.9 1.38769e-05
728 37.375 1472.87 1.4867e-06
729 37.425 11524 1.16322e-05
730 37.475 3675.26 3.70976e-06
731 37.525 7608.85 7.68028e-06
732 37.575 5944.01 5.99982e-06
733 37.625 13769.9 1.38992e-05
734 37.675 8987.88 9.07227e-06
735 37.725 3772.27 3.80769e-06
736 37.775 12957.4 1.30791e-05
737 37.825 7820.14 7.89356e-06
738 37.875 7396.72 7.46617e-06
739 37.925 0 0
740 37.975 17147.9 1.73089e-05
741 38.025 9798.68 9.89068e-06
742 38.075 4301.95 4.34234e-06
743 38.125 6575.75 6.63749e-06
744 38.175 9614.4 9.70467e-06
745 38.225 12766.2 1.28861e-05
746 38.275 803.228 8.10769e-07
747 38.325 5894.09 5.94943e-06
748 38.375 14640.7 1.47782e-05
749 38.425 5451.18 5.50236e-06
750 38.475 7130.86 7.19781e-06
751 38.525 7447.42 7.51734e-06
752 38.575 15413.7 1.55585e-05
753 38.625 1150.25 1.16104e-06
754 38.675 11873.9 1.19854e-05
755 38.725 5773.82 5.82803e-06
756 38.775 8496.73 8.57651e-06
757 38.825 9062.07 9.14715e-06
758 38.875 8468.39 8.54789e-06
759 38.925 12096.8 1.22104e-05
760 38.975 387.128 3.90763e-07
761 39.025 13236.6 1.33609e-05
762 39.075 4888.22 4.93411e-06
763 39.125 9834.03 9.92636e-06
764 39.175 7757.8 7.83063e-06
765 39.225 6781.48 6.84515e-06
766 39.275 13675.5 1.38039e-05
767 39.325 1317.41 1.32978e-06
768 39.375 10686 1.07864e-05
769 39.425 7326.42 7.3952e-06
770 39.475 8252.7 8.33018e-06
771 39.525 9318.72 9.40621e-06
772 39.575 8092.26 8.16823e-06
773 39.625 6881.95 6.94656e-06
774 39.675 0 0
775 39.725 8677.38 8.75885e-06
776 39.775 14617.6 1.47549e-05
777 39.825 5293.82 5.34352e-06
778 39.875 8198.43 8.2754e-06
779 39.925 10094.5 1.01892e-05
780 39.975 9216.92 9.30345e-06
781 40.025 1295.51 1.30768e-06
782 40.075 12414.4 1.2531e-05
783 40.125 8711.07 8.79285e-06
784 40.175 1854.03 1.87144e-06
785 40.225 14990.2 1.51309e-05
786 40.275 3245.46 3.27593e-06
787 40.325 14489.8 1.46258e-05
788 40.375 3605.53 3.63938e-06
789 40.425 5803.15 5.85764e-06
790 40.475 10669.3 1.07695e-05
791 40.525 2516.73 2.54036e-06
792 40.575 10612.5 1.07121e-05
793 40.625 7125.21 7.19211e-06
794 40.675 3629.2 3.66327e-06
795 40.725 3747.44 3.78262e-06
796 40.775 11315.9 1.14221e-05
797 40.825 10216.1 1.0312e-05
798 40.875 6736.32 6.79956e-06
799 40.925 7990.13 8.06514e-06
800 40.975 3486.89 3.51963e-06
801 41.025 6083.76 6.14088e-06
802 41.075 12859.2 1.298e-05
803 41.125 4559.51 4.60232e-06
804 41.175 7000.96 7.06669e-06
805 41.225 3434.57 3.46682e-06
806 41.275 12691.9 1.2811e-05
807 41.325 6192.04 6.25018e-06
808 41.375 1246.6 1.2583e-06
809 41.425 10741.3 1.08421e-05
810 41.475 5666.87 5.72007e-06
811 41.525 8960.83 9.04497e-06
812 41.575 12914.3 1.30356e-05
813 41.625 7917.85 7.99219e-06
814 41.675 2727.82 2.75343e-06
815 41.725 4125.88 4.16462e-06
816 41.775 7245.84 7.31387e-06
817 41.825 9127.84 9.21354e-06
818 41.875 6285.37 6.34438e-06
819 41.925 7184.31 7.25177e-06
820 41.975 6330.62 6.39005e-06
821 42.025 5638.4 5.69134e-06
822 42.075 9128.14 9.21384e-06
823 42.125 9493.38 9.58251e-06
824 42.175 2664.65 2.68967e-06
825 42.225 9759.01 9.85063e-06
826 42.275 2331.55 2.35344e-06
827 42.325 10157.8 1.02532e-05
828 42.375 5290.48 5.34015e-06
829 42.425 6635.44 6.69774e-06
830 42.475 7337.53 7.40643e-06
831 42.525 2085.23 2.10481e-06
832 42.575 12065.4 1.21787e-05
833 42.625 6831.9 6.89604e-06
834 42.675 3982.62 4.02001e-06
835 42.725 9405.91 9.49422e-06
836 42.775 11750.7 1.1861e-05
837 42.825 2432.78 2.45562e-06
838 42.875 7576.37 7.6475e-06
839 42.925 2817.21 2.84366e-06
840 42.975 7097.19 7.16383e-06
841 43.025 6974.37 7.03986e-06
842 43.075 6960.25 7.0256e-06
843 43.125 8354.73 8.43317e-06
844 43.175 3384.01 3.41579e-06
845 43.225 9770.61 9.86234e-06
846 43.275 10588.4 1.06878e-05
847 43.325 0 0
848 43.375 9479.14 9.56814e-06
849 43.425 5559.39 5.61158e-06
850 43.475 3944.33 3.98136e-06
851 43.525 7781.99 7.85505e-06
852 43.575 3766.7 3.80207e-06
853 43.625 2788.4 2.81458e-06
854 43.675 9884.51 9.97732e-06
855 43.725 3207.16 3.23727e-06
856 43.775 7095.96 7.16258e-06
857 43.825 9453.81 9.54257e-06
858 43.875 4331.65 4.37232e-06
859 43.925 6989.45 7.05507e-06
860 43.975 7180.67 7.24808e-06
861 44.025 4124.86 4.16358e-06
862 44.075 8828.04 8.91092e-06
863 44.125 1784.81 1.80157e-06
864 44.175 7215.46 7.2832e-06
865 44.225 5677.43 5.73074e-06
866 44.275 3876.94 3.91334e-06
867 44.325 5467.42 5.51876e-06
868 44.375 6844.8 6.90906e-06
869 44.425 4769.12 4.81389e-06
870 44.475 8092.22 8.16819e-06
871 44.525 6695.8 6.75867e-06
872 44.575 1232.76 1.24433e-06
873 44.625 5428.36 5.47932e-06
874 44.675 2319.11 2.34088e-06
875 44.725 9622.14 9.71248e-06
876 44.775 5888.14 5.94342e-06
877 44.825 5215.57 5.26454e-06
878 44.875 5540.58 5.5926e-06
879 44.925 3598.07 3.63185e-06
880 44.975 6287.84 6.34687e-06
881 45.025 4824.66 4.86995e-06
882 45.075 4992.21 5.03908e-06
883 45.125 5249.09 5.29837e-06
884 45.175 7342.42 7.41135e-06
885 45.225 2010.47 2.02934e-06
886 45.275 6719.59 6.78268e-06
887 45.325 7307.16 7.37576e-06
888 45.375 844.338 8.52266e-07
889 45.425 7034.7 7.10075e-06
890 45.475 3203.68 3.23376e-06
891 45.525 2062.55 2.08191e-06
892 45.575 10178.9 1.02744e-05
893 45.625 4395.2 4.43646e-06
894 45.675 5783.91 5.83821e-06
895 45.725 3302.82 3.33383e-06
896 45.775 5979.44 6.03558e-06
897 45.825 3654.36 3.68867e-06
898 45.875 7444.53 7.51443e-06
899 45.925 5657.85 5.71097e-06
900 45.975 1906.37 1.92427e-06
901 46.025 7936.49 8.01101e-06
902 46.075 5127.8 5.17594e-06
903 46.125 1844.92 1.86225e-06
904 46.175 3603.42 3.63725e-06
905 46.225 4996.22 5.04313e-06
906 46.275 5407.72 5.45849e-06
907 46.325 5462.73 5.51402e-06
908 46.375 2434.11 2.45697e-06
909 46.425 4699.67 4.74379e-06
910 46.475 4622.78 4.66618e-06
911 46.525 2726.33 2.75192e-06
912 46.575 6650.3 6.71274e-06
913 46.625 7140.28 7.20732e-06
914 46.675 1867.45 1.88498e-06
915 46.725 5799.19 5.85363e-06
916 46.775 6377.15 6.43703e-06
917 46.825 3132.75 3.16216e-06
918 46.875 2547.53 2.57145e-06
919 46.925 6748.03 6.81138e-06
920 46.975 2290.85 2.31235e-06
921 47.025 7143.85 7.21092e-06
922 47.075 5603.09 5.65569e-06
923 47.125 3102.5 3.13163e-06
924 47.175 4573.15 4.61609e-06
925 47.225 4579.67 4.62267e-06
926 47.275 1416.86 1.43016e-06
927 47.325 4901.44 4.94746e-06
928 47.375 3832.12 3.8681e-06
929 47.425 1684.92 1.70074e-06
930 47.475 7781.78 7.85484e-06
931 47.525 4233.88 4.27363e-06
932 47.575 3063.97 3.09273e-06
933 47.625 3120.44 3.14973e-06
934 47.675 7112.95 7.17973e-06
935 47.725 3141.59 3.17108e-06
936 47.775 2657.28 2.68223e-06
937 47.825 5984.09 6.04027e-06
938 47.875 1829.55 1.84672e-06
939 47.925 3427.59 3.45978e-06
940 47.975 5187.08 5.23578e-06
941 48.025 4572.83 4.61577e-06
942 48.075 2983.43 3.01144e-06
943 48.125 7263.04 7.33123e-06
944 48.175 3262.05 3.29268e-06
945 48.225 1510.85 1.52503e-06
946 48.275 4449.8 4.49158e-06
947 48.325 4534.75 4.57733e-06
948 48.375 1998.55 2.01732e-06
949 48.425 3848.08 3.88421e-06
950 48.475 3467.95 3.50051e-06
951 48.525 3034.4 3.06289e-06
952 48.575 4637.32 4.68086e-06
953 48.625 3641.76 3.67595e-06
954 48.675 2880.47 2.90751e-06
955 48.725 4876.47 4.92225e-06
956 48.775 4167.99 4.20712e-06
957 48.825 2405.94 2.42852e-06
958 48.875 5584.97 5.6374e-06
959 48.925 3952.84 3.98995e-06
960 48.975 416.401 4.2031e-07
961 49.025 4660.76 4.70452e-06
962 49.075 2331.13 2.35301e-06
963 49.125 2417.05 2.43974e-06
964 49.175 2647.91 2.67277e-06
965 49.225 5088.91 5.13669e-06
966 49.275 4426.53 4.46809e-06
967 49.325 3191.17 3.22113e-06
968 49.375 4575.13 4.61808e-06
969 49.425 1644.46 1.6599e-06
970 49.475 4359.05 4.39998e-06
971 49.525 2448.45 2.47144e-06
972 49.575 1830.27 1.84745e-06
973 49.625 4278.47 4.31864e-06
974 49.675 5254.82 5.30416e-06
975 49.725 2504.18 2.5277e-06
976 49.775 3129.93 3.15932e-06
977 49.825 2852.81 2.87959e-06
978 49.875 4948.91 4.99538e-06
979 49.925 3375.6 3.40729e-06
980 49.975 1281.78 1.29382e-06
981 50.025 3379.87 3.4116e-06
982 50.075 3103.56 3.1327e-06
983 50.125 4427.01 4.46858e-06
984 50.175 3343.63 3.37502e-06
985 50.225 2260.56 2.28179e-06
986 50.275 646.411 6.5248e-07
987 50.325 3825.68 3.8616e-06
988 50.375 3821.62 3.8575e-06
989 50.425 1719.81 1.73595e-06
990 50.475 4040.85 4.07879e-06
991 50.525 3955.09 3.99222e-06
992 50.575 1673.01 1.68872e-06
993 50.625 3027.27 3.0557e-06
994 50.675 4197.94 4.23735e-06
995 50.725 4926.3 4.97255e-06
996 50.775 1259.29 1.27112e-06
997 50.825 2304.07 2.3257e-06
998 50.875 3006.87 3.0351e-06
999 50.925 3921.12 3.95793e-06
1000 50.975 2130.14 2.15014e-06
1001 51.025 2687.33 2.71256e-06
1002 51.075 2599.34 2.62374e-06
1003 51.125 2815.55 2.84199e-06
1004 51.175 3676.94 3.71147e-06
1005 51.225 3726.23 3.76121e-06
1006 51.275 2232.41 2.25337e-06
1007 51.325 1863.31 1.88081e-06
1008 51.375 3684.67 3.71926e-06
1009 51.425 1781.35 1.79808e-06
1010 51.475 2950.01 2.97771e-06
1011 51.525 3593.87 3.62761e-06
1012 51.575 2309.47 2.33115e-06
1013 51.625 3451.91 3.48432e-06
1014 51.675 646.971 6.53045e-07
1015 51.725 2863.9 2.89079e-06
1016 51.775 3195.53 3.22554e-06
1017 51.825 2185.24 2.20576e-06
1018 51.875 3378.01 3.40973e-06
1019 51.925 2229.54 2.25047e-06
1020 51.975 2644.98 2.66981e-06
1021 52.025 2218.07 2.2389e-06
1022 52.075 2777.8 2.80388e-06
1023 52.125 1924.74 1.94281e-06
1024 52.175 2897.74 2.92495e-06
1025 52.225 2881.8 2.90886e-06
1026 52.275 2163.82 2.18413e-06
1027 52.325 2531.91 2.55568e-06
1028 52.375 1975.84 1.99439e-06
1029 52.425 2746.4 2.77219e-06
1030 52.475 2533.32 2.55711e-06
1031 52.525 1280.77 1.2928e-06
1032 52.575 3865.81 3.90211e-06
1033 52.625 3597.54 3.63132e-06
1034 52.675 2428.74 2.45155e-06
1035 52.725 1823.86 1.84098e-06
1036 52.775 2222.03 2.24289e-06
1037 52.825 3199.72 3.22976e-06
1038 52.875 1456.96 1.47064e-06
1039 52.925 1476.73 1.4906e-06
1040 52.975 2719.85 2.74539e-06
1041 53.025 2442.34 2.46528e-06
1042 53.075 1022.07 1.03167e-06
1043 53.125 3561.98 3.59542e-06
1044 53.175 2538.7 2.56254e-06
1045 53.225 1579.39 1.59422e-06
1046 53.275 2878.53 2.90555e-06
1047 53.325 1292.74 1.30488e-06
1048 53.375 2121.68 2.1416e-06
1049 53.425 1105.71 1.11609e-06
1050 53.475 3374.9 3.40658e-06
1051 53.525 2631.04 2.65575e-06
1052 53.575 1888.25 1.90598e-06
1053 53.625 1930.17 1.94829e-06
1054 53.675 2259.71 2.28093e-06
1055 53.725 3381.14 3.41288e-06
1056 53.775 1410.36 1.4236e-06
1057 53.825 2872.6 2.89957e-06
1058 53.875 2077.93 2.09743e-06
1059 53.925 1978.27 1.99684e-06
1060 53.975 2090.71 2.11034e-06
1061 54.025 1994.5 2.01322e-06
1062 54.075 3071.22 3.10006e-06
1063 54.125 1987.69 2.00635e-06
1064 54.175 230.103 2.32264e-07
1065 54.225 2497.04 2.52049e-06
1066 54.275 2744.41 2.77018e-06
1067 54.325 1421.59 1.43494e-06
1068 54.375 2081.25 2.10079e-06
1069 54.425 2199.97 2.22062e-06
1070 54.475 3354.88 3.38637e-06
1071 54.525 2313.45 2.33517e-06
1072 54.575 1022.88 1.03249e-06
1073 54.625 2803.3 2.82962e-06
1074 54.675 1524.85 1.53916e-06
1075 54.725 968.252 9.77342e-07
1076 54.775 2123.2 2.14314e-06
1077 54.825 2230.26 2.2512e-06
1078 54.875 3182.76 3.21264e-06
1079 54.925 1640.9 1.65631e-06
1080 54.975 593.999 5.99576e-07
1081 55.025 2575.7 2.59988e-06
1082 55.075 3214.12 3.2443e-06
1083 55.125 1836.69 1.85393e-06
1084 55.175 981.327 9.9054e-07
1085 55.225 2313.35 2.33507e-06
1086 55.275 1986.18 2.00483e-06
1087 55.325 1696.15 1.71208e-06
1088 55.375 1115.07 1.12554e-06
1089 55.425 2206.4 2.22711e-06
1090 55.475 2860.49 2.88735e-06
1091 55.525 1492.81 1.50683e-06
1092 55.575 2192.69 2.21328e-06
1093 55.625 1843.96 1.86127e-06
1094 55.675 2262.66 2.2839e-06
1095 55.725 1620.11 1.63532e-06
1096 55.775 531.856 5.3685e-07
1097 55.825 2906.09 2.93338e-06
1098 55.875 1859.47 1.87693e-06
1099 55.925 1399.21 1.41234e-06
1100 55.975 1976.52 1.99507e-06
1101 56.025 1293.39 1.30554e-06
1102 56.075 1604.47 1.61953e-06
1103 56.125 2319.31 2.34109e-06
1104 56.175 874.364 8.82573e-07
1105 56.225 2492.34 2.51574e-06
1106 56.275 2732.91 2.75857e-06
1107 56.325 651.632 6.5775e-07
1108 56.375 1703 1.71899e-06
1109 56.425 2134.93 2.15498e-06
1110 56.475 2147.27 2.16743e-06
1111 56.525 1722.14 1.73831e-06
1112 56.575 650.933 6.57044e-07
1113 56.625 2265.82 2.2871e-06
1114 56.675 1647.92 1.66339e-06
1115 56.725 1996.89 2.01564e-06
1116 56.775 1243.44 1.25512e-06
1117 56.825 1945.4 1.96367e-06
1118 56.875 2646.2 2.67105e-06
1119 56.925 1253.23 1.26499e-06
1120 56.975 1183.02 1.19413e-06
1121 57.025 1753.38 1.76984e-06
1122 57.075 2130.95 2.15095e-06
1123 57.125 1079.74 1.08987e-06
1124 57.175 1731.94 1.7482e-06
1125 57.225 1453.82 1.46747e-06
1126 57.275 2310.71 2.3324e-06
1127 57.325 1119.8 1.13032e-06
1128 57.375 1075.75 1.08584e-06
1129 57.425 1553.98 1.56857e-06
1130 57.475 2073.34 2.09281e-06
1131 57.525 1651 1.6665e-06
1132 57.575 1439.74 1.45326e-06
1133 57.625 1331.82 1.34433e-06
1134 57.675 2132.1 2.15212e-06
1135 57.725 1497.19 1.51125e-06
1136 57.775 842.115 8.50022e-07
1137 57.825 2553.34 2.57731e-06
1138 57.875 1855.27 1.87268e-06
1139 57.925 2063.12 2.08249e-06
1140 57.975 1394.09 1.40718e-06
1141 58.025 1066.96 1.07698e-06
1142 58.075 1350.68 1.36336e-06
1143 58.125 1602.34 1.61738e-06
1144 58.175 1628.64 1.64393e-06
1145 58.225 1753.32 1.76978e-06
1146 58.275 1215.99 1.22741e-06
1147 58.325 2058.56 2.07789e-06
1148 58.375 965.647 9.74713e-07
1149 58.425 1983.23 2.00185e-06
1150 58.475 1873.36 1.89095e-06
1151 58.525 621.866 6.27705e-07
1152 58.575 1966.8 1.98527e-06
1153 58.625 1869.83 1.88738e-06
1154 58.675 1235.48 1.24708e-06
1155 58.725 1016.35 1.02589e-06
1156 58.775 1711.36 1.72743e-06
1157 58.825 2069.02 2.08845e-06
1158 58.875 935.308 9.4409e-07
1159 58.925 890.384 8.98744e-07
1160 58.975 1376.43 1.38936e-06
1161 59.025 1754.59 1.77106e-06
1162 59.075 2134.72 2.15477e-06
1163 59.125 1180.58 1.19166e-06
1164 59.175 887.646 8.9598e-07
1165 59.225 1793.23 1.81006e-06
1166 59.275 1407.61 1.42083e-06
1167 59.325 1853.61 1.87101e-06
1168 59.375 1490.17 1.50417e-06
1169 59.425 562.818 5.68102e-07
1170 59.475 2071.09 2.09053e-06
1171 59.525 1875.77 1.89338e-06
1172 59.575 1142.4 1.15313e-06
1173 59.625 1112.27 1.12271e-06
1174 59.675 1425.09 1.43847e-06
1175 59.725 1794.96 1.81182e-06
1176 59.775 2048.7 2.06793e-06
1177 59.825 636.666 6.42644e-07
1178 59.875 1120.73 1.13125e-06
1179 59.925 994.842 1.00418e-06
1180 59.975 1601.39 1.61643e-06
